+---------------+----------------------------------+
|   Parameter   |              Value               |
+===============+==================================+
| Eval points   | 25                               |
+---------------+----------------------------------+
| Feature input | ./input/features/ER_features.csv |
+---------------+----------------------------------+
| Graph input   | ./input/edges/ER_edges.csv       |
+---------------+----------------------------------+
| Graphs input  | ./input/graphs/ER_graphs.json    |
+---------------+----------------------------------+
| Model type    | FEATHER-G                        |
+---------------+----------------------------------+
| Order         | 5                                |
+---------------+----------------------------------+
| Output        | ./output/ER_node_embedding.csv   |
+---------------+----------------------------------+
| Theta max     | 2.500                            |
+---------------+----------------------------------+

Fitting a graph level embedding.

hey
[ 0.99971018  0.96273345  0.86601732  0.71560969  0.52091268  0.29409058
  0.04930418 -0.19817988 -0.43294837 -0.64040855 -0.80770206 -0.92450784
 -0.98368372 -0.98170639 -0.91888247 -0.79931803 -0.63064911 -0.42355104
 -0.19105827  0.05226167  0.29122731  0.51099722  0.69799834  0.84077029
  0.9306726   0.02405061  0.27018178  0.49947965  0.69766615  0.85241567
  0.95412733  0.99652523  0.97704856  0.89700746  0.76149484  0.57906015
  0.36116629  0.12146418 -0.12506868 -0.36307082 -0.57776108 -0.75586331
 -0.88643341 -0.96153684 -0.97673415 -0.93134487 -0.82847385 -0.6747994
 -0.48013775 -0.25681234  0.99971054  0.96278     0.86618193  0.71594947
  0.52146237  0.29485695  0.05026321 -0.19708291 -0.43179563 -0.6393036
 -0.80676132 -0.92385032 -0.98341978 -0.98192657 -0.91964727 -0.80064963
 -0.63252579 -0.42590492 -0.19377676  0.04933068  0.28826676  0.50820913
  0.69558983  0.83893826  0.92958841  0.02403538  0.27001489  0.49919225
  0.69731451  0.85207529  0.95388495  0.99646935  0.97725945  0.89754743
  0.76239976  0.58033307  0.36277368  0.12333536 -0.12303874 -0.36101548
 -0.57583306 -0.75422344 -0.88523791 -0.96092408 -0.976812   -0.93217962
 -0.83008172 -0.67714146 -0.48311874 -0.26028373  0.99971034  0.96275479
  0.86609272  0.71576511  0.52116365  0.29443957  0.04973934 -0.19768458
 -0.43243155 -0.63991846 -0.80729251 -0.92423332 -0.98359412 -0.98184174
 -0.91926826 -0.79996146 -0.63153666 -0.42464769 -0.19230846  0.0509313
  0.28990351  0.5097744   0.69697175  0.84002875  0.93029132  0.02404371
  0.27010623  0.49934987  0.6975082   0.8522644   0.95402267  0.99650767
  0.97715451  0.89726469  0.76191855  0.5796501   0.36190514  0.12231739
 -0.12415133 -0.36215226 -0.57691253 -0.7551589  -0.8859441  -0.96132419
 -0.97684446 -0.93180418 -0.82928416 -0.67593667 -0.48155175 -0.25842856
  0.99971037  0.96275785  0.86610353  0.71578739  0.52119958  0.29448944
  0.04980139 -0.19761418 -0.43235842 -0.63984958 -0.80723562 -0.92419621
 -0.98358382 -0.98186382 -0.91932612 -0.80005582 -0.63166523 -0.42480509
 -0.19248639  0.05074362  0.28971868  0.50960593  0.69683313  0.83993235
  0.93024735  0.02404273  0.27009545  0.4993314   0.69748578  0.85224307
  0.95400816  0.99650578  0.97717042  0.8973023   0.76197992  0.57973503
  0.36201096  0.12243895 -0.1240214  -0.36202311 -0.57679444 -0.75506243
 -0.88587927 -0.96129954 -0.97686623 -0.93187557 -0.82940488 -0.67610266
 -0.48175522 -0.25865832  0.99971034  0.96275427  0.86609084  0.71576111
  0.52115686  0.29442951  0.04972575 -0.19770171 -0.43245189 -0.63994135
 -0.8073169  -0.9242578  -0.98361693 -0.98186086 -0.9192815  -0.79996659
 -0.6315316  -0.42463068 -0.19227824  0.05097525  0.28996086  0.50984379
  0.69705079  0.84011397  0.93037829  0.02404393  0.27010868  0.49935431
  0.69751416  0.85227121  0.95402944  0.99651336  0.97715797  0.89726468
  0.76191386  0.57963961  0.36188796  0.12229294 -0.1241832  -0.36219115
 -0.57695744 -0.75520816 -0.88599539 -0.9613746  -0.97689059 -0.93184231
 -0.82931049 -0.67594758 -0.48154409 -0.25839998]
